#1000
1028705
117684
578891
450328
1274887
911932
1326621
1538320
1058120
501768
206392
942577
1181928
190493
270308
930851
571457
1714155
571757
1494568
164340
360914
480661
681837
1478501
583263
1413855
965965
973838
1633448
1932371
125483
1608800
511187
1779209
645534
1201365
685036
630845
1355231
1009752
1332788
1062546
785805
1083502
13241
1261364
174285
1342952
234378
630844
1648993
785027
656181
1319814
1241165
1004122
1417850
953365
1819648
684439
247166
986043
657855
671792
105224
629525
1660888
782136
371166
786502
1744563
1675973
1456608
300067
972360
542646
352911
1762666
1476563
1702920
1873280
1292796
1019842
661793
845333
873706
1888234
779621
920806
1741072
75179
1080417
854856
1949195
1934582
1845679
209834
236980
926787
844563
1615043
929214
550357
1479221
501379
286903
418229
576517
213801
995780
334205
93511
1889182
431067
605127
1510575
1791485
21623
891483
567811
1208892
1258019
1906484
1129199
287001
1419292
1461874
769892
1596263
1820935
160678
413655
1052083
256797
1831181
731790
1292172
1894919
1105469
455318
1732124
387283
1799102
1926928
455503
1402469
474841
1935218
1898016
884802
508699
1275072
1451606
1327997
1245375
1274725
429474
1429638
1350208
659702
1809753
925962
505345
1564708
748606
1878315
1883745
1381160
1832318
1103102
1002216
1479977
440796
1528800
1863266
263660
726188
791927
361876
693531
883707
818239
162859
1429749
1558959
1830002
122655
1016484
1030318
994102
1172482
514262
1052576
1673512
24972
1544951
710504
544910
1434179
282410
709718
1583506
643337
537818
1610074
732498
910596
1615231
605869
659632
331072
982076
260426
702535
415766
820039
81638
1862921
871226
172871
1744509
1286260
1322483
1266931
1111786
1442274
574937
222823
1011961
745016
1221594
1887235
131673
1779047
169092
836505
1517188
1415101
1333276
525038
270912
713410
1071070
812877
301781
1848187
1914619
801686
1055038
1422037
243260
1386992
1881617
1748003
1492344
32677
1557478
821974
753841
868810
248432
519922
1858186
855550
1045390
1711994
389284
697307
1343835
530868
420137
1745946
1830047
1068591
452397
1189482
1374515
1240888
1852668
144327
159019
404072
797926
1613141
1581976
237740
394905
312909
1325101
909979
837073
1603249
1331544
610237
1028736
859157
860801
681881
1933930
1342095
1200904
1294402
644493
513652
366005
529659
321089
1760150
765305
1084777
1388580
1451999
1474518
1377367
949746
1173735
1352698
229433
1523766
560897
730253
1066629
1042715
1421204
1165480
734654
1559085
1530267
839560
1756376
1269924
1174205
2797
1444690
1328152
1454072
973979
1131634
596751
1679716
1806097
184934
891348
760245
433794
19469
245968
1566096
1230640
1106367
1948347
1777656
1344407
509605
1731506
1322727
838727
1772112
1284796
722469
875865
1956241
1286480
612434
1637264
1789496
1606972
1182215
1920485
1398979
866891
573636
1545370
1859420
1087771
440270
386999
952938
1958557
1697270
351827
1503552
302147
1279838
855847
187188
116702
1724940
129475
555896
855122
283522
91434
68205
1894080
1346536
920736
1415624
1605431
593711
242479
798897
1913122
625548
539532
1510702
1315236
805523
1870966
1649995
1526007
548265
471902
681844
637538
302017
134800
1481728
1722687
1679043
1458579
1028025
1446806
999256
1607683
793085
329884
1338926
142090
1368870
462033
1860398
1786414
1068503
1009803
129168
450176
1718837
484446
697097
1923636
550027
1471410
579467
1557798
1358737
1448774
249011
574547
250101
594422
626703
643624
882605
1934803
270516
844942
1472614
1183361
764107
201012
1260184
1104028
1274496
1199066
1163382
911652
1215541
1947502
273159
576459
1950731
1553244
1289777
1718326
1087943
1881995
930627
501176
1447468
160554
1349335
1859527
1018047
1601458
549942
1368512
1232664
384547
1243923
507012
1285145
1629380
520545
67981
191734
1285088
462373
940259
1497606
1453356
428184
883202
137437
442225
369923
756147
1604281
1573552
261951
1839124
1592843
636779
1179684
429744
817060
1897029
1938199
1880327
1952695
771028
1897711
1882565
335026
172181
619631
487662
1655027
1020154
1836899
1214914
1229410
839830
1950486
1234875
279527
126137
1701191
915993
1790648
565096
863866
1472998
813271
1041946
1565158
1371136
593095
353262
142589
645397
733664
785510
122711
176736
1308162
1913422
613604
657675
1432831
1611460
1763911
237060
609902
1787095
1415237
1467832
1594117
1716699
1870074
1765991
1538591
991264
1209439
395425
771851
1028032
1931473
584405
386940
1498820
1924186
1290830
537748
1370274
1305043
975594
731286
4635
326653
1085604
1775301
1704672
646850
518145
177849
1004464
223745
11654
1666877
1655315
1664238
1918335
625958
1947038
199353
807656
910674
822025
1461322
675406
1375724
1308214
1101626
49482
406795
879746
1584203
1687682
535956
1389569
1257240
303837
204934
1030506
467236
1470338
273206
1152631
825078
1684024
14253
32315
667009
891344
437070
1655286
1922537
712899
1306196
693799
651286
1215649
1801070
405106
481872
297280
848671
1288684
1258427
1619808
1014155
945508
1189502
289891
1767474
1339072
655330
1781087
1271630
632940
652013
1558790
993123
1110402
37041
625328
371252
1472311
338163
635488
451839
1656150
246358
1859829
1949436
819198
533937
709784
939519
201372
1587817
1431214
971419
798115
289672
1142891
970129
919402
1141624
155756
1140982
1245379
14397
1328066
1774709
898233
716134
536692
1603420
284873
1251465
193738
887619
1047221
1405057
935835
47861
162090
1801827
1524065
758085
1317690
649769
860964
1200052
789617
758237
1392467
551858
1738559
1686281
377484
933712
407040
1312030
1803182
1511399
908021
1378614
1742266
1531288
64555
161280
1103707
652012
983670
434756
1700764
1889988
354225
495465
1041539
1370599
1474361
380367
1111256
473972
111700
1938725
554842
1882796
1583490
761945
1694301
359692
382458
628196
1532863
630508
1595543
307683
396130
88369
36663
240273
1092683
536895
1910890
1871460
1144896
1623552
339689
1382964
1774797
398063
1917976
432437
1733413
1717745
502977
1091401
1593164
241445
703397
734648
804939
1674507
200811
468162
812275
1197763
755682
283278
1229331
1540060
273649
1583004
1284733
930516
1761924
1870501
1114549
849020
243780
8268
1781417
1448281
1809923
765715
344653
721958
775263
1157125
1106171
1105959
733689
1753859
1095703
645948
1145263
1344969
1048068
1736633
445146
1002853
984754
1059577
1664856
991792
176923
1101775
966731
862798
1300326
1488535
267103
17387
866137
1065925
1174792
807652
1564095
427698
316253
1826827
372211
776316
494463
881336
1442695
1852534
1912102
29058
158775
1268060
1042486
351337
1319283
941181
474693
1416402
821906
1398058
593254
268560
1257762
413824
642462
186768
793143
567254
334598
1120483
1346410
1746670
134273
954633
707672
1881281
1396899
549223
54930
894010
1180270
1805946
292178
169564
336712
1100458
1347047
1156967
679121
834251
363910
1214638
1425531
1572307
888153
1268260
680354
1023349
997357
1676145
1688141
63408
108695
1600793
968713
472981
796788
1388358
719572
969097
699207
888577
1478719
1212453
655901
769296
782009
1587465
642500
1771037
810608
1670154
1075351
775279
61141
1624301
770964
707320
1175777
561006
1005706
305292
930675
317102
1590886
1051181
1551063
1789591
1365977
1750818
1606019
1060859
1289964
1862812
265971
1160452
310466
1032954
126290
1206082
994571
792027
1927376
1315389
1476115
1482925
307470
1163544
233590
378906
1106561
968130
980192
24873
1069012
285251
1687519
1519691
220706
1039440
181515
1879706
933502
390625
1404755
1576354
1809338
878055
19769
1198044
1697488
1047730
325019
586933
1531363
733834
570457
1798548
1872725
687278
1339019
1478764
1520523
228284
1350503
